0.24492187499999998
0.29648437499999997
0.348046875
0.399609375
0.451171875
0.502734375
0.5285156249999999
0.580078125
0.631640625
0.6574218749999999
0.708984375
0.760546875
0.7863281249999999
0.8121093749999999
0.863671875
0.9152343749999999
0.966796875
0.992578125
1.018359375
1.069921875
1.10859375
1.147265625
1.173046875
1.21171875
1.2503906249999999
1.276171875
1.327734375
1.353515625
1.3921875
1.41796875
1.456640625
1.482421875
1.5082031249999999
1.533984375
1.5597656249999998
1.585546875
1.611328125
1.6371093749999999
1.6371093749999999
1.6886718749999998
1.72734375
1.7660156249999999
1.791796875
1.8304687499999999
1.843359375
1.8949218749999999
1.920703125
1.9464843749999998
1.972265625
1.998046875
2.023828125
2.0496093749999997
2.0496093749999997
2.101171875
2.126953125
2.152734375
2.1785156249999997
2.204296875
2.2171875
2.255859375
2.255859375
2.281640625
2.3074218749999997
2.3203125
2.358984375
2.358984375
2.384765625
2.410546875
2.410546875
2.4234375
2.44921875
2.462109375
2.462109375
2.487890625
2.513671875
2.513671875
2.5394531249999996
2.5652343749999997
2.5652343749999997
2.5652343749999997
2.578125
2.591015625
2.616796875
2.616796875
2.6296874999999997
2.6296874999999997
2.6296874999999997
2.6296874999999997
2.6296874999999997
2.65546875
2.6296874999999997
2.591015625
2.578125
2.5652343749999997
2.55234375
2.5265625
2.513671875
2.513671875
2.5007812499999997
2.487890625
2.4749999999999996
2.4749999999999996
2.4749999999999996
2.4749999999999996
2.4749999999999996
2.44921875
2.4234375
2.4234375
2.410546875
2.384765625
2.3718749999999997
2.3718749999999997
2.3718749999999997
2.358984375
2.34609375
2.34609375
2.3203125
2.3203125
2.3074218749999997
2.3074218749999997
2.3074218749999997
2.3074218749999997
2.29453125
2.281640625
2.281640625
2.281640625
2.281640625
2.26875
2.26875
2.26875
2.26875
2.26875
2.26875
2.26875
2.26875
2.26875
2.26875