0.193359375
0.193359375
0.193359375
0.193359375
0.193359375
0.193359375
0.193359375
0.193359375
0.193359375
0.193359375
0.193359375
0.193359375
0.193359375
0.193359375
0.193359375
0.193359375
0.193359375
0.193359375
0.193359375
0.193359375
0.193359375
0.193359375
0.193359375
0.193359375
0.193359375
0.193359375
0.193359375
0.36093749999999997
0.36093749999999997
0.38671875
0.38671875
0.38671875
0.399609375
0.399609375
0.399609375
0.399609375
0.399609375
0.399609375
0.399609375
0.399609375
0.399609375
0.399609375
0.399609375
0.399609375
0.399609375
0.399609375
0.399609375
0.399609375
0.399609375
0.399609375
0.399609375
0.399609375
0.399609375
0.399609375
0.399609375
0.399609375
0.399609375
0.399609375
0.399609375
0.399609375
0.399609375
0.399609375
0.399609375
0.399609375
0.399609375
0.399609375
0.399609375
0.399609375
0.399609375
0.399609375
0.399609375
0.399609375
0.399609375
0.399609375
0.399609375
0.399609375
0.399609375
0.6187499999999999
0.399609375
0.399609375
0.6187499999999999
0.6187499999999999
0.6187499999999999
0.6187499999999999
0.631640625
0.631640625
0.631640625
0.6574218749999999
0.6574218749999999
0.6574218749999999
0.6574218749999999
0.6574218749999999
0.7218749999999999
0.7218749999999999
0.7218749999999999
0.7218749999999999
0.7218749999999999
0.7218749999999999
0.7218749999999999
0.7218749999999999
0.7218749999999999
0.7218749999999999
0.7218749999999999
0.7734375
0.7734375
0.7734375
0.7734375
0.7734375
0.7734375
0.7734375
0.79921875
0.79921875
0.79921875
0.79921875
0.79921875
0.8121093749999999
0.8121093749999999
0.8121093749999999
0.8121093749999999
0.8121093749999999
0.8121093749999999
0.8121093749999999
0.8121093749999999
0.8121093749999999
0.8121093749999999
0.8121093749999999
0.8121093749999999
0.8121093749999999
0.8121093749999999
0.8121093749999999
0.8121093749999999
0.8121093749999999
0.8121093749999999
0.8121093749999999
0.8121093749999999
0.8121093749999999
0.8121093749999999
0.8121093749999999
0.8121093749999999
0.8121093749999999
0.8121093749999999
0.8121093749999999
0.8121093749999999
0.8121093749999999
0.8121093749999999
0.8121093749999999
0.8121093749999999
0.8121093749999999
0.8121093749999999
0.8121093749999999
0.8121093749999999
0.8121093749999999
0.8121093749999999
0.8121093749999999
0.8121093749999999
0.8121093749999999
0.8121093749999999
0.8121093749999999
0.8121093749999999
0.8121093749999999
0.8121093749999999
0.8121093749999999
0.8121093749999999
0.8121093749999999
0.8121093749999999
0.8121093749999999
0.8121093749999999
0.8121093749999999
0.8121093749999999
0.8121093749999999
0.8121093749999999
0.8121093749999999
0.8121093749999999
0.8121093749999999
0.8121093749999999
0.8121093749999999
1.018359375
0.8121093749999999
1.018359375
0.8121093749999999
1.018359375
0.8121093749999999
1.018359375
0.8121093749999999
1.018359375
1.018359375
1.018359375
1.018359375
1.018359375
1.018359375
1.018359375
1.069921875
1.069921875
1.069921875
1.069921875
1.069921875
1.10859375
1.1214843749999999
1.134375
1.134375
1.134375
1.134375
1.134375
1.134375
1.134375
1.134375
1.134375
1.134375
1.147265625
1.1859374999999999
1.1859374999999999
1.2374999999999998
1.2374999999999998
1.2374999999999998
1.2374999999999998
1.2374999999999998
1.2374999999999998
1.2374999999999998
1.2374999999999998
1.2374999999999998
1.2374999999999998
1.2374999999999998
1.2374999999999998
1.2374999999999998
1.2374999999999998
1.2374999999999998
1.2374999999999998
1.2374999999999998
1.2374999999999998
1.2503906249999999
1.2503906249999999
1.2503906249999999
1.2503906249999999
1.276171875
1.276171875
1.276171875
1.276171875
1.276171875
1.276171875
1.276171875
1.276171875
1.3148437499999999
1.327734375
1.327734375
1.327734375
1.327734375
1.327734375
1.327734375
1.327734375
1.327734375
1.327734375
1.4437499999999999
1.327734375
1.4437499999999999
1.4437499999999999
1.4437499999999999
1.4437499999999999
1.4437499999999999
1.4437499999999999
1.4437499999999999
1.4437499999999999
1.4437499999999999
1.4437499999999999
1.4437499999999999
1.4437499999999999
1.4437499999999999
1.4437499999999999
1.4437499999999999
1.4437499999999999
1.4437499999999999
1.4437499999999999
1.4437499999999999
1.4437499999999999
1.4437499999999999
1.4437499999999999
1.4437499999999999
1.4437499999999999
1.4437499999999999
1.4437499999999999
1.4437499999999999
1.4437499999999999
1.456640625
1.456640625
1.546875
1.546875
1.546875
1.546875
1.546875
1.546875
1.546875
1.546875
1.546875
1.546875
1.546875
1.546875
1.546875
1.546875
1.546875
1.546875
1.546875
1.546875
1.546875
1.546875
1.546875
1.546875
1.546875
1.546875
1.5984375
1.5984375
1.5984375
1.5984375
1.5984375
1.5984375
1.5984375
1.5984375
1.5984375
1.5984375
1.5984375
1.5984375
1.5984375
1.5984375
1.6242187499999998
1.6242187499999998
1.6242187499999998
1.6242187499999998
1.6242187499999998
1.6242187499999998
1.6242187499999998
1.6242187499999998
1.6242187499999998
1.6371093749999999
1.6371093749999999
1.6371093749999999
1.6371093749999999
1.6371093749999999
1.6371093749999999
1.6371093749999999
1.6371093749999999
1.65
1.6371093749999999
1.65
1.6371093749999999
1.65
1.6371093749999999
1.65
1.65
1.65
1.662890625
1.662890625
1.662890625
1.662890625
1.6886718749999998
1.6886718749999998
1.6886718749999998
1.6886718749999998
1.6886718749999998
1.6886718749999998
1.6886718749999998
1.6886718749999998
1.6886718749999998
1.6886718749999998
1.6886718749999998
1.740234375
1.740234375
1.740234375
1.740234375
1.740234375
1.740234375
1.740234375
1.740234375
1.740234375
1.740234375
1.740234375
1.740234375
1.740234375
1.740234375
1.740234375
1.740234375
1.740234375
1.740234375
1.740234375
1.740234375
1.8304687499999999
1.8304687499999999
1.843359375
1.843359375
1.843359375
1.843359375
1.843359375
1.843359375
1.843359375
1.843359375
1.843359375
1.843359375
1.843359375
1.843359375
1.843359375
1.843359375
1.843359375
1.843359375
1.843359375
1.843359375
1.843359375
1.843359375
1.843359375
1.843359375
1.843359375
1.843359375
1.843359375
1.843359375
1.843359375
1.843359375
1.843359375
1.843359375
1.843359375
1.843359375
1.843359375
1.843359375
1.843359375
1.843359375
1.9593749999999999
1.843359375
1.843359375
1.9593749999999999
1.9593749999999999
1.9593749999999999
1.9593749999999999
1.9593749999999999
1.9593749999999999
1.9593749999999999
1.972265625
1.972265625
2.0109375
2.0109375
2.0109375
2.0109375
2.0109375
2.0109375
2.0109375
2.0109375
2.0109375
2.0109375
2.03671875
2.03671875
2.03671875
2.03671875
2.03671875
2.03671875
2.0496093749999997
2.0496093749999997
2.0496093749999997
2.0496093749999997
2.0496093749999997
2.0496093749999997
2.0496093749999997
2.0496093749999997
2.0496093749999997
2.0496093749999997
2.0496093749999997
2.0496093749999997
2.0496093749999997
2.0496093749999997
2.0496093749999997
2.0496093749999997
2.0496093749999997
2.0496093749999997
2.0496093749999997
2.0496093749999997
2.0496093749999997
2.0496093749999997
2.0496093749999997
2.0496093749999997
2.0496093749999997
2.0496093749999997
2.0496093749999997
2.0496093749999997
2.0496093749999997
2.0496093749999997
2.0496093749999997
2.0496093749999997
2.0496093749999997
2.0496093749999997
2.0496093749999997
2.0496093749999997
2.0496093749999997
2.0496093749999997
2.0496093749999997
2.0496093749999997
2.0496093749999997
2.0496093749999997
2.0496093749999997
2.101171875
2.0496093749999997
2.101171875
2.101171875
2.13984375
2.152734375
2.152734375
2.152734375
2.152734375
2.152734375
2.152734375
2.152734375
2.152734375
2.152734375
2.152734375
2.152734375
2.152734375
2.152734375
2.152734375
2.152734375
2.152734375
2.152734375
2.152734375
2.152734375
2.1785156249999997
2.1785156249999997
2.1785156249999997
2.1785156249999997
2.2171875
2.2171875
2.2171875
2.2171875
2.2171875
2.2171875
2.2171875
2.2171875
2.2171875
2.26875
2.26875
2.26875
2.26875
2.26875
2.26875
2.26875
2.26875
2.26875
2.26875
2.26875
2.26875
2.26875
2.4749999999999996
2.26875
2.4749999999999996
2.26875
2.4749999999999996
2.4749999999999996
2.4749999999999996
2.4749999999999996
2.4749999999999996
2.4749999999999996
2.4749999999999996
2.281640625
2.4749999999999996
2.4749999999999996
2.4749999999999996
2.4749999999999996
2.4749999999999996
2.4749999999999996
2.4749999999999996
2.4749999999999996
2.4749999999999996
2.4749999999999996
2.4749999999999996
2.4749999999999996
2.4749999999999996
2.4749999999999996
2.4749999999999996
2.4749999999999996
2.4749999999999996
2.4749999999999996
2.4749999999999996
2.4749999999999996
2.4749999999999996
2.4749999999999996
2.4749999999999996
2.4749999999999996
2.4749999999999996
2.4749999999999996
2.4749999999999996
2.4749999999999996
2.4749999999999996
2.4749999999999996
2.4749999999999996
2.4749999999999996
2.4749999999999996
2.4749999999999996
2.4749999999999996
2.4749999999999996
2.4749999999999996
2.4749999999999996
2.4749999999999996
2.4749999999999996
2.4749999999999996
2.4749999999999996
2.4749999999999996
2.4749999999999996
2.4749999999999996
2.4749999999999996
2.4749999999999996
2.4749999999999996
2.4749999999999996
2.4749999999999996
2.4749999999999996
2.4749999999999996
2.4749999999999996
2.4749999999999996
2.487890625
2.487890625
2.487890625
2.487890625
2.487890625
2.487890625
2.487890625
2.487890625
2.487890625
2.513671875
2.513671875
2.513671875
2.513671875
2.513671875
2.513671875
2.513671875
2.513671875
2.513671875
2.513671875
2.513671875
2.513671875
2.513671875
2.513671875
2.513671875
2.513671875
2.513671875
2.513671875
2.513671875
2.513671875
2.513671875
2.513671875
2.5652343749999997
2.5652343749999997
2.513671875
2.5652343749999997
2.5652343749999997
2.5652343749999997
2.5652343749999997
2.5652343749999997
2.5652343749999997
2.5652343749999997
2.5652343749999997
2.5652343749999997
2.5652343749999997
2.5652343749999997
2.5652343749999997
2.5652343749999997
2.5652343749999997
2.5652343749999997
2.5652343749999997
2.5652343749999997
2.5652343749999997
2.5652343749999997
2.5652343749999997
2.5652343749999997
2.5652343749999997
2.5652343749999997
2.5652343749999997
2.5652343749999997
2.5652343749999997
2.5652343749999997
2.5652343749999997
2.5652343749999997
2.5652343749999997
2.5652343749999997
2.5652343749999997
2.5652343749999997
2.5652343749999997
2.5652343749999997
2.5652343749999997
2.5652343749999997
2.5652343749999997
2.5652343749999997
2.5652343749999997
2.5652343749999997
2.5652343749999997
2.5652343749999997
2.5652343749999997
2.5652343749999997
2.5652343749999997
2.5652343749999997
2.5652343749999997
2.5652343749999997
2.5652343749999997
2.5652343749999997
2.5652343749999997
2.5652343749999997
2.5652343749999997
2.5652343749999997
2.5652343749999997
2.5652343749999997
2.5652343749999997
2.5652343749999997
2.5652343749999997
2.5652343749999997
2.5652343749999997
2.5652343749999997
2.5652343749999997
2.591015625
2.5652343749999997
2.591015625
2.5652343749999997
2.5652343749999997
2.5652343749999997
2.5652343749999997
2.6296874999999997
2.5652343749999997
2.6296874999999997
2.6296874999999997
2.6296874999999997
2.6296874999999997
2.6296874999999997
2.6296874999999997
2.6296874999999997
2.6296874999999997
2.6296874999999997
2.6296874999999997
2.6296874999999997
2.6296874999999997
2.6296874999999997
2.6296874999999997
2.6296874999999997
2.6296874999999997
2.6296874999999997
2.6296874999999997
2.6296874999999997
2.6296874999999997
2.6296874999999997
2.6296874999999997
2.6296874999999997
2.6296874999999997
2.6296874999999997
2.6296874999999997
2.6296874999999997
2.6296874999999997
2.6296874999999997
2.6296874999999997
2.6296874999999997
2.6296874999999997
2.6296874999999997
2.6296874999999997
2.6296874999999997
2.6296874999999997
2.6296874999999997
2.6296874999999997
2.6296874999999997
2.6296874999999997
2.6296874999999997
2.6296874999999997
2.65546875
2.6296874999999997
2.6296874999999997
2.6296874999999997
2.6296874999999997
2.6296874999999997
2.6296874999999997
2.6296874999999997
2.616796875
2.5652343749999997
2.5652343749999997
2.5652343749999997
2.5652343749999997
2.5652343749999997
2.5652343749999997
2.5652343749999997
2.5652343749999997
2.5652343749999997
2.5652343749999997