0.29648437499999997
0.37382812499999996
0.476953125
0.554296875
0.6574218749999999
0.708984375
0.8121093749999999
0.889453125
0.966796875
1.018359375
1.1214843749999999
1.173046875
1.224609375
1.3019531249999998
1.3792968749999999
1.4308593749999998
1.482421875
1.533984375
1.585546875
1.6371093749999999
1.714453125
1.77890625
1.843359375
1.8949218749999999
1.9464843749999998
1.998046875
2.0496093749999997
2.101171875
2.152734375
2.204296875
2.255859375
2.281640625
2.333203125
2.358984375
2.410546875
2.4363281249999997
2.462109375
2.513671875
2.5394531249999996
2.5652343749999997
2.591015625
2.616796875
2.6296874999999997
2.6296874999999997
2.642578125
2.6039062499999996
2.5652343749999997
2.5265625
2.513671875
2.487890625
2.4749999999999996
2.4749999999999996
2.4363281249999997
2.410546875
2.384765625
2.3718749999999997
2.358984375
2.34609375
2.3203125
2.3074218749999997
2.3074218749999997
2.281640625
2.281640625
2.281640625
2.26875
2.26875
2.26875
2.26875
2.26875
2.26875
2.26875
2.26875
2.255859375
2.2429687499999997
2.2171875
2.2171875
2.2171875
2.204296875
2.204296875
2.19140625
2.1785156249999997
2.1785156249999997
2.1785156249999997
2.1785156249999997
2.165625
2.165625
2.165625
2.165625
2.165625
2.165625
2.165625
2.165625
2.165625
2.165625